8.5598e-01 8.5269e-01 8.2249e-01 8.3172e-01 8.2411e-01 2.5000e+00 2.5000e+00 1.8865e+00 2.5000e+00 2.5000e+00
9.7664e-01 9.4299e-01 1.0071e+00 1.0406e+00 1.0418e+00 0.0000e+00 1.1582e+00 0.0000e+00 0.0000e+00 0.0000e+00
8.6387e-01 8.6475e-01 8.3430e-01 8.4342e-01 8.3593e-01 2.5000e+00 2.5000e+00 1.7610e+00 2.5000e+00 2.5000e+00
9.7611e-01 9.4220e-01 1.0041e+00 1.0386e+00 1.0399e+00 0.0000e+00 1.1742e+00 0.0000e+00 0.0000e+00 0.0000e+00
8.6398e-01 8.6492e-01 8.3447e-01 8.4358e-01 8.3609e-01 2.5000e+00 2.5000e+00 1.7593e+00 2.5000e+00 2.5000e+00
9.7611e-01 9.4218e-01 1.0040e+00 1.0386e+00 1.0398e+00 0.0000e+00 1.1744e+00 0.0000e+00 0.0000e+00 0.0000e+00
8.6398e-01 8.6492e-01 8.3447e-01 8.4359e-01 8.3610e-01 2.5000e+00 2.5000e+00 1.7592e+00 2.5000e+00 2.5000e+00
9.7611e-01 9.4218e-01 1.0040e+00 1.0386e+00 1.0398e+00 0.0000e+00 1.1745e+00 0.0000e+00 0.0000e+00 0.0000e+00
8.6398e-01 8.6492e-01 8.3447e-01 8.4359e-01 8.3610e-01 2.5000e+00 2.5000e+00 1.7592e+00 2.5000e+00 2.5000e+00
9.7611e-01 9.4218e-01 1.0040e+00 1.0386e+00 1.0398e+00 0.0000e+00 1.1745e+00 0.0000e+00 0.0000e+00 0.0000e+00
8.6398e-01 8.6492e-01 8.3447e-01 8.4359e-01 8.3610e-01 2.5000e+00 2.5000e+00 1.7592e+00 2.5000e+00 2.5000e+00
9.7611e-01 9.4218e-01 1.0040e+00 1.0386e+00 1.0398e+00 0.0000e+00 1.1745e+00 0.0000e+00 0.0000e+00 0.0000e+00
8.6398e-01 8.6492e-01 8.3447e-01 8.4359e-01 8.3610e-01 2.5000e+00 2.5000e+00 1.7592e+00 2.5000e+00 2.5000e+00
9.7611e-01 9.4218e-01 1.0040e+00 1.0386e+00 1.0398e+00 0.0000e+00 1.1745e+00 0.0000e+00 0.0000e+00 0.0000e+00
8.6398e-01 8.6492e-01 8.3447e-01 8.4359e-01 8.3610e-01 2.5000e+00 2.5000e+00 1.7592e+00 2.5000e+00 2.5000e+00
9.7611e-01 9.4218e-01 1.0040e+00 1.0386e+00 1.0398e+00 0.0000e+00 1.1745e+00 0.0000e+00 0.0000e+00 0.0000e+00
8.6398e-01 8.6492e-01 8.3447e-01 8.4359e-01 8.3610e-01 2.5000e+00 2.5000e+00 1.7592e+00 2.5000e+00 2.5000e+00
9.7611e-01 9.4218e-01 1.0040e+00 1.0386e+00 1.0398e+00 0.0000e+00 1.1745e+00 0.0000e+00 0.0000e+00 0.0000e+00
8.6398e-01 8.6492e-01 8.3447e-01 8.4359e-01 8.3610e-01 2.5000e+00 2.5000e+00 1.7592e+00 2.5000e+00 2.5000e+00
9.7611e-01 9.4218e-01 1.0040e+00 1.0386e+00 1.0398e+00 0.0000e+00 1.1745e+00 0.0000e+00 0.0000e+00 0.0000e+00
8.6398e-01 8.6492e-01 8.3447e-01 8.4359e-01 8.3610e-01 2.5000e+00 2.5000e+00 1.7592e+00 2.5000e+00 2.5000e+00
9.7611e-01 9.4218e-01 1.0040e+00 1.0386e+00 1.0398e+00 0.0000e+00 1.1745e+00 0.0000e+00 0.0000e+00 0.0000e+00
8.6398e-01 8.6492e-01 8.3447e-01 8.4359e-01 8.3610e-01 2.5000e+00 2.5000e+00 1.7592e+00 2.5000e+00 2.5000e+00
9.7611e-01 9.4218e-01 1.0040e+00 1.0386e+00 1.0398e+00 0.0000e+00 1.1745e+00 0.0000e+00 0.0000e+00 0.0000e+00
8.6398e-01 8.6492e-01 8.3447e-01 8.4359e-01 8.3610e-01 2.5000e+00 2.5000e+00 1.7592e+00 2.5000e+00 2.5000e+00
9.7611e-01 9.4218e-01 1.0040e+00 1.0386e+00 1.0398e+00 0.0000e+00 1.1745e+00 0.0000e+00 0.0000e+00 0.0000e+00
8.6398e-01 8.6492e-01 8.3447e-01 8.4359e-01 8.3610e-01 2.5000e+00 2.5000e+00 1.7592e+00 2.5000e+00 2.5000e+00
9.7611e-01 9.4218e-01 1.0040e+00 1.0386e+00 1.0398e+00 0.0000e+00 1.1745e+00 0.0000e+00 0.0000e+00 0.0000e+00
8.6398e-01 8.6492e-01 8.3447e-01 8.4359e-01 8.3610e-01 2.5000e+00 2.5000e+00 1.7592e+00 2.5000e+00 2.5000e+00
9.7611e-01 9.4218e-01 1.0040e+00 1.0386e+00 1.0398e+00 0.0000e+00 1.1745e+00 0.0000e+00 0.0000e+00 0.0000e+00
8.6398e-01 8.6492e-01 8.3447e-01 8.4359e-01 8.3610e-01 2.5000e+00 2.5000e+00 1.7592e+00 2.5000e+00 2.5000e+00
9.7611e-01 9.4218e-01 1.0040e+00 1.0386e+00 1.0398e+00 0.0000e+00 1.1745e+00 0.0000e+00 0.0000e+00 0.0000e+00
8.6398e-01 8.6492e-01 8.3447e-01 8.4359e-01 8.3610e-01 2.5000e+00 2.5000e+00 1.7592e+00 2.5000e+00 2.5000e+00
9.7611e-01 9.4218e-01 1.0040e+00 1.0386e+00 1.0398e+00 0.0000e+00 1.1745e+00 0.0000e+00 0.0000e+00 0.0000e+00
8.6398e-01 8.6492e-01 8.3447e-01 8.4359e-01 8.3610e-01 2.5000e+00 2.5000e+00 1.7592e+00 2.5000e+00 2.5000e+00
9.7611e-01 9.4218e-01 1.0040e+00 1.0386e+00 1.0398e+00 0.0000e+00 1.1745e+00 0.0000e+00 0.0000e+00 0.0000e+00
8.6398e-01 8.6492e-01 8.3447e-01 8.4359e-01 8.3610e-01 2.5000e+00 2.5000e+00 1.7592e+00 2.5000e+00 2.5000e+00
9.7611e-01 9.4218e-01 1.0040e+00 1.0386e+00 1.0398e+00 0.0000e+00 1.1745e+00 0.0000e+00 0.0000e+00 0.0000e+00
8.6398e-01 8.6492e-01 8.3447e-01 8.4359e-01 8.3610e-01 2.5000e+00 2.5000e+00 1.7592e+00 2.5000e+00 2.5000e+00
9.7611e-01 9.4218e-01 1.0040e+00 1.0386e+00 1.0398e+00 0.0000e+00 1.1745e+00 0.0000e+00 0.0000e+00 0.0000e+00
8.6398e-01 8.6492e-01 8.3447e-01 8.4359e-01 8.3610e-01 2.5000e+00 2.5000e+00 1.7592e+00 2.5000e+00 2.5000e+00
9.7611e-01 9.4218e-01 1.0040e+00 1.0386e+00 1.0398e+00 0.0000e+00 1.1745e+00 0.0000e+00 0.0000e+00 0.0000e+00
8.6398e-01 8.6492e-01 8.3447e-01 8.4359e-01 8.3610e-01 2.5000e+00 2.5000e+00 1.7592e+00 2.5000e+00 2.5000e+00
9.7611e-01 9.4218e-01 1.0040e+00 1.0386e+00 1.0398e+00 0.0000e+00 1.1745e+00 0.0000e+00 0.0000e+00 0.0000e+00
8.6398e-01 8.6492e-01 8.3447e-01 8.4359e-01 8.3610e-01 2.5000e+00 2.5000e+00 1.7592e+00 2.5000e+00 2.5000e+00
9.7611e-01 9.4218e-01 1.0040e+00 1.0386e+00 1.0398e+00 0.0000e+00 1.1745e+00 0.0000e+00 0.0000e+00 0.0000e+00
8.6398e-01 8.6492e-01 8.3447e-01 8.4359e-01 8.3610e-01 2.5000e+00 2.5000e+00 1.7592e+00 2.5000e+00 2.5000e+00
9.7611e-01 9.4218e-01 1.0040e+00 1.0386e+00 1.0398e+00 0.0000e+00 1.1745e+00 0.0000e+00 0.0000e+00 0.0000e+00
8.6398e-01 8.6492e-01 8.3447e-01 8.4359e-01 8.3610e-01 2.5000e+00 2.5000e+00 1.7592e+00 2.5000e+00 2.5000e+00
9.7611e-01 9.4218e-01 1.0040e+00 1.0386e+00 1.0398e+00 0.0000e+00 1.1745e+00 0.0000e+00 0.0000e+00 0.0000e+00
8.6398e-01 8.6492e-01 8.3447e-01 8.4359e-01 8.3610e-01 2.5000e+00 2.5000e+00 1.7592e+00 2.5000e+00 2.5000e+00
9.7611e-01 9.4218e-01 1.0040e+00 1.0386e+00 1.0398e+00 0.0000e+00 1.1745e+00 0.0000e+00 0.0000e+00 0.0000e+00
8.6398e-01 8.6492e-01 8.3447e-01 8.4359e-01 8.3610e-01 2.5000e+00 2.5000e+00 1.7592e+00 2.5000e+00 2.5000e+00
9.7611e-01 9.4218e-01 1.0040e+00 1.0386e+00 1.0398e+00 0.0000e+00 1.1745e+00 0.0000e+00 0.0000e+00 0.0000e+00
8.6398e-01 8.6492e-01 8.3447e-01 8.4359e-01 8.3610e-01 2.5000e+00 2.5000e+00 1.7592e+00 2.5000e+00 2.5000e+00
9.7611e-01 9.4218e-01 1.0040e+00 1.0386e+00 1.0398e+00 0.0000e+00 1.1745e+00 0.0000e+00 0.0000e+00 0.0000e+00
8.6398e-01 8.6492e-01 8.3447e-01 8.4359e-01 8.3610e-01 2.5000e+00 2.5000e+00 1.7592e+00 2.5000e+00 2.5000e+00
9.7611e-01 9.4218e-01 1.0040e+00 1.0386e+00 1.0398e+00 0.0000e+00 1.1745e+00 0.0000e+00 0.0000e+00 0.0000e+00
8.6398e-01 8.6492e-01 8.3447e-01 8.4359e-01 8.3610e-01 2.5000e+00 2.5000e+00 1.7592e+00 2.5000e+00 2.5000e+00
9.7611e-01 9.4218e-01 1.0040e+00 1.0386e+00 1.0398e+00 0.0000e+00 1.1745e+00 0.0000e+00 0.0000e+00 0.0000e+00
