8.7329e-01 8.5101e-01 8.1093e-01 8.1611e-01 8.1434e-01 2.9945e-01 3.0000e-01 3.0000e-01 3.0000e-01 2.9999e-01
8.9092e-01 8.6527e-01 8.4154e-01 8.4974e-01 8.4912e-01 2.9928e-01 3.0000e-01 3.0000e-01 3.0000e-01 2.9998e-01
9.0740e-01 8.7844e-01 8.6971e-01 8.8069e-01 8.8113e-01 2.9859e-01 3.0000e-01 3.0000e-01 3.0000e-01 2.9996e-01
9.2292e-01 8.9072e-01 8.9592e-01 9.0951e-01 9.1092e-01 2.9672e-01 3.0000e-01 3.0000e-01 3.0000e-01 2.9992e-01
9.3760e-01 9.0226e-01 9.2053e-01 9.3657e-01 9.3890e-01 2.9165e-01 3.0000e-01 2.9999e-01 3.0000e-01 2.9976e-01
9.5145e-01 9.1316e-01 9.4377e-01 9.6214e-01 9.6533e-01 0.0000e+00 3.0000e-01 2.9978e-01 0.0000e+00 0.0000e+00
9.5451e-01 9.1800e-01 9.5413e-01 9.6986e-01 9.7303e-01 0.0000e+00 3.0000e-01 0.0000e+00 0.0000e+00 0.0000e+00
9.5616e-01 9.2069e-01 9.5657e-01 9.7226e-01 9.7542e-01 0.0000e+00 3.0000e-01 0.0000e+00 0.0000e+00 0.0000e+00
9.5779e-01 9.2336e-01 9.5898e-01 9.7464e-01 9.7779e-01 0.0000e+00 3.0000e-01 0.0000e+00 0.0000e+00 0.0000e+00
9.5940e-01 9.2601e-01 9.6138e-01 9.7700e-01 9.8015e-01 0.0000e+00 3.0000e-01 0.0000e+00 0.0000e+00 0.0000e+00
9.6101e-01 9.2865e-01 9.6376e-01 9.7935e-01 9.8249e-01 0.0000e+00 3.0000e-01 0.0000e+00 0.0000e+00 0.0000e+00
9.6260e-01 9.3126e-01 9.6613e-01 9.8168e-01 9.8481e-01 0.0000e+00 3.0000e-01 0.0000e+00 0.0000e+00 0.0000e+00
9.6419e-01 9.3385e-01 9.6848e-01 9.8399e-01 9.8712e-01 0.0000e+00 3.0000e-01 0.0000e+00 0.0000e+00 0.0000e+00
9.6576e-01 9.3643e-01 9.7081e-01 9.8629e-01 9.8941e-01 0.0000e+00 3.0000e-01 0.0000e+00 0.0000e+00 0.0000e+00
9.6732e-01 9.3899e-01 9.7312e-01 9.8857e-01 9.9169e-01 0.0000e+00 3.0000e-01 0.0000e+00 0.0000e+00 0.0000e+00
9.6887e-01 9.4153e-01 9.7542e-01 9.9084e-01 9.9395e-01 0.0000e+00 3.0000e-01 0.0000e+00 0.0000e+00 0.0000e+00
9.7041e-01 9.4405e-01 9.7770e-01 9.9309e-01 9.9619e-01 0.0000e+00 3.0000e-01 0.0000e+00 0.0000e+00 0.0000e+00
9.7194e-01 9.4656e-01 9.7997e-01 9.9533e-01 9.9842e-01 0.0000e+00 3.0000e-01 0.0000e+00 0.0000e+00 0.0000e+00
9.7345e-01 9.4905e-01 9.8222e-01 9.9755e-01 1.0006e+00 0.0000e+00 3.0000e-01 0.0000e+00 0.0000e+00 0.0000e+00
