8.0000e-01 -2.0000e+00 2.0000e+00 2.0000e+00 -2.0000e+00 -2.0000e+00
8.0678e-01 -2.0000e+00 2.0000e+00 2.0000e+00 -2.0000e+00 -2.0000e+00
8.1356e-01 -2.0000e+00 2.0000e+00 2.0000e+00 -2.0000e+00 -2.0000e+00
8.2034e-01 -2.0000e+00 2.0000e+00 2.0000e+00 -2.0000e+00 -2.0000e+00
8.2712e-01 -2.0000e+00 2.0000e+00 2.0000e+00 -2.0000e+00 -2.0000e+00
8.3390e-01 -2.0000e+00 2.0000e+00 2.0000e+00 -2.0000e+00 -2.0000e+00
8.4068e-01 -2.0000e+00 2.0000e+00 2.0000e+00 -2.0000e+00 -2.0000e+00
8.4746e-01 -2.0000e+00 2.0000e+00 2.0000e+00 -2.0000e+00 -2.0000e+00
8.5424e-01 -2.0000e+00 2.0000e+00 2.0000e+00 -2.0000e+00 -2.0000e+00
8.6102e-01 -2.0000e+00 2.0000e+00 2.0000e+00 -2.0000e+00 -2.0000e+00
8.6780e-01 -2.0000e+00 2.0000e+00 2.0000e+00 -2.0000e+00 -2.0000e+00
8.7458e-01 -2.0000e+00 2.0000e+00 2.0000e+00 -2.0000e+00 -2.0000e+00
8.8136e-01 -2.0000e+00 2.0000e+00 2.0000e+00 -2.0000e+00 -2.0000e+00
8.8814e-01 -2.0000e+00 2.0000e+00 2.0000e+00 -2.0000e+00 -2.0000e+00
8.9492e-01 -2.0000e+00 2.0000e+00 2.0000e+00 -2.0000e+00 -2.0000e+00
9.0169e-01 -2.0000e+00 2.0000e+00 2.0000e+00 -2.0000e+00 -2.0000e+00
9.0847e-01 -2.0000e+00 2.0000e+00 2.0000e+00 -2.0000e+00 -2.0000e+00
9.1525e-01 -2.0000e+00 2.0000e+00 2.0000e+00 -2.0000e+00 -2.0000e+00
9.2203e-01 -2.0000e+00 2.0000e+00 2.0000e+00 -2.0000e+00 -2.0000e+00
9.2881e-01 -2.0000e+00 2.0000e+00 2.0000e+00 -2.0000e+00 -2.0000e+00
9.3559e-01 -2.0000e+00 2.0000e+00 2.0000e+00 -2.0000e+00 -2.0000e+00
9.4237e-01 -2.0000e+00 2.0000e+00 2.0000e+00 -2.0000e+00 -2.0000e+00
9.4915e-01 -2.0000e+00 2.0000e+00 2.0000e+00 -2.0000e+00 -2.0000e+00
9.5593e-01 0.0000e+00 0.0000e+00 0.0000e+00 0.0000e+00 0.0000e+00
9.6271e-01 0.0000e+00 0.0000e+00 0.0000e+00 0.0000e+00 0.0000e+00
9.6949e-01 0.0000e+00 0.0000e+00 0.0000e+00 0.0000e+00 0.0000e+00
9.7627e-01 0.0000e+00 0.0000e+00 0.0000e+00 0.0000e+00 0.0000e+00
9.8305e-01 0.0000e+00 0.0000e+00 0.0000e+00 0.0000e+00 0.0000e+00
9.8983e-01 0.0000e+00 0.0000e+00 0.0000e+00 0.0000e+00 0.0000e+00
9.9661e-01 0.0000e+00 0.0000e+00 0.0000e+00 0.0000e+00 0.0000e+00
1.0034e+00 0.0000e+00 0.0000e+00 0.0000e+00 0.0000e+00 0.0000e+00
1.0102e+00 0.0000e+00 0.0000e+00 0.0000e+00 0.0000e+00 0.0000e+00
1.0169e+00 0.0000e+00 0.0000e+00 0.0000e+00 0.0000e+00 0.0000e+00
1.0237e+00 0.0000e+00 0.0000e+00 0.0000e+00 0.0000e+00 0.0000e+00
1.0305e+00 0.0000e+00 0.0000e+00 0.0000e+00 0.0000e+00 0.0000e+00
1.0373e+00 0.0000e+00 0.0000e+00 0.0000e+00 0.0000e+00 0.0000e+00
1.0441e+00 0.0000e+00 0.0000e+00 0.0000e+00 0.0000e+00 0.0000e+00
1.0508e+00 -2.0000e+00 2.0000e+00 2.0000e+00 -2.0000e+00 -2.0000e+00
1.0576e+00 -2.0000e+00 2.0000e+00 2.0000e+00 -2.0000e+00 -2.0000e+00
1.0644e+00 -2.0000e+00 2.0000e+00 2.0000e+00 -2.0000e+00 -2.0000e+00
1.0712e+00 -2.0000e+00 2.0000e+00 2.0000e+00 -2.0000e+00 -2.0000e+00
1.0780e+00 -2.0000e+00 2.0000e+00 2.0000e+00 -2.0000e+00 -2.0000e+00
1.0847e+00 -2.0000e+00 2.0000e+00 2.0000e+00 -2.0000e+00 -2.0000e+00
1.0915e+00 -2.0000e+00 2.0000e+00 2.0000e+00 -2.0000e+00 -2.0000e+00
1.0983e+00 -2.0000e+00 2.0000e+00 2.0000e+00 -2.0000e+00 -2.0000e+00
1.1051e+00 -2.0000e+00 2.0000e+00 2.0000e+00 -2.0000e+00 -2.0000e+00
1.1119e+00 -2.0000e+00 2.0000e+00 2.0000e+00 -2.0000e+00 -2.0000e+00
1.1186e+00 -2.0000e+00 2.0000e+00 2.0000e+00 -2.0000e+00 -2.0000e+00
1.1254e+00 -2.0000e+00 2.0000e+00 2.0000e+00 -2.0000e+00 -2.0000e+00
1.1322e+00 -2.0000e+00 2.0000e+00 2.0000e+00 -2.0000e+00 -2.0000e+00
1.1390e+00 -2.0000e+00 2.0000e+00 2.0000e+00 -2.0000e+00 -2.0000e+00
1.1458e+00 -2.0000e+00 2.0000e+00 2.0000e+00 -2.0000e+00 -2.0000e+00
1.1525e+00 -2.0000e+00 2.0000e+00 2.0000e+00 -2.0000e+00 -2.0000e+00
1.1593e+00 -2.0000e+00 2.0000e+00 2.0000e+00 -2.0000e+00 -2.0000e+00
1.1661e+00 -2.0000e+00 2.0000e+00 2.0000e+00 -2.0000e+00 -2.0000e+00
1.1729e+00 -2.0000e+00 2.0000e+00 2.0000e+00 -2.0000e+00 -2.0000e+00
1.1797e+00 -2.0000e+00 2.0000e+00 2.0000e+00 -2.0000e+00 -2.0000e+00
1.1864e+00 -2.0000e+00 2.0000e+00 2.0000e+00 -2.0000e+00 -2.0000e+00
1.1932e+00 -2.0000e+00 2.0000e+00 2.0000e+00 -2.0000e+00 -2.0000e+00
1.2000e+00 -2.0000e+00 2.0000e+00 2.0000e+00 -2.0000e+00 -2.0000e+00
